Initial quantitative virulence values:  
[(-0.9538281706604325, 0.5021571447248007), (-0.9678550555230859, 0.5011112563733822), 
 (-0.9964932787843367, 0.5037259772519284), (-0.49912331969608414, 0.5037259772519284), 
 (-0.49912331969608414, 0.5017649365930187), (-0.49912331969608414, 0.5037259772519284), 
 (-0.49912331969608414, 0.4995424238462544), (-0.49912331969608414, 0.4833311543992679), 
 (-0.49912331969608414, 0.5228134396653157), (-0.4792518994739918, 0.27872924565302654), 
 (-0.6434833430742256, 0.5037259772519284), (-0.3950905902980713, 0.3112825205909269)]

Quantitative virulence values after mutation:  
[(-0.5090590298071304, 0.5021571447248007), 
 (-0.7668030391583869, 0.5013727284612368), 
 (-0.9041496201052016, 0.5026800889005099)]